[terminais-hidraulicos-50-progressivo.jpg]
filters=finetune2=1,0.801170,0.000000,0.000000,00000000,0.000000;
moddate=9f8dfaabdc49d201
width=1800
height=1200
textactive=0
