[terminais-hidraulicos-50-progressivo.jpg]
filters=finetune2=1,0.801170,0.000000,0.000000,00000000,0.000000;
moddate=9f8dfaabdc49d201
width=1800
height=1200
textactive=0
[foto_loja_1.jpg]
filters=crop64=1,2823f2afdcdfd7c;enhance=1;autocolor=1;finetune2=1,0.239766,0.061754,0.058947,00000000,0.000000;crop64=1,1192562befaffca6;enhance=1;unsharp2=1,0.245614;finetune2=1,0.169591,0.000000,0.036491,00000000,0.000000;
crop=rect64(1192562befaffca6)
moddate=8a9883a2074dd201
width=816
height=612
textactive=0
